
Jupyter Notebook
boxplots Last Checkpoint: 15 minutes ago (autosaved) Current Kernel Logo

Python 3

    File
    Edit
    View
    Insert
    Cell
    Kernel
    Help

from ipywidgets import widgets

import numpy as np

import pandas as pd

import os

​

​

​

import plotly

plotly.tools.set_credentials_file(username='anjgrg98', api_key='j2GJ3FbQpYIbv8BcODz3')

import plotly.plotly as py

from plotly.offline import download_plotlyjs, init_notebook_mode, plot, iplot

import plotly.graph_objs as go

import plotly.figure_factory as ff

init_notebook_mode(connected=True)

​

import warnings

warnings.filterwarnings('ignore')

dataset1 = {

    'feature1':np.random.randn(50)-1,

    'feature2':np.random.randn(50)-1,

    'feature3':np.random.randn(50)-1,

    'feature4':np.random.randn(50)-1,

    'feature5':np.random.randn(50)-1,

}

​

dataset2 = {

    'feature1':np.random.randn(50)-1,

    'feature2':np.random.randn(50)-1,

    'feature3':np.random.randn(50)-1,

    'feature4':np.random.randn(50)-1,

    'feature5':np.random.randn(50)-1,

}

​

dataset3 = {

    'feature1':np.random.randn(50)-1,

    'feature2':np.random.randn(50)-1,

    'feature3':np.random.randn(50)-1,

    'feature4':np.random.randn(50)-1,

    'feature5':np.random.randn(50)-1,

}

​

dataset4 = {

    'feature1':np.random.randn(50)-1,

    'feature2':np.random.randn(50)-1,

    'feature3':np.random.randn(50)-1,

    'feature4':np.random.randn(50)-1,

    'feature5':np.random.randn(50)-1,

}

​

dataset5 = {

    'feature1':np.random.randn(50)-1,

    'feature2':np.random.randn(50)-1,

    'feature3':np.random.randn(50)-1,

    'feature4':np.random.randn(50)-1,

    'feature5':np.random.randn(50)-1,

}

​

df_dataset1 = pd.DataFrame(dataset1)

df_dataset2 = pd.DataFrame(dataset2)

df_dataset3 = pd.DataFrame(dataset3)

df_dataset4 = pd.DataFrame(dataset4)

df_dataset5 = pd.DataFrame(dataset5)

def boxplots(feature='feature1'):

    '''

    Plotting boxplot

    '''

    boxplot_dataset1 = go.Box(

        name="dataset1",

        y=df_dataset1[feature]

    )

    boxplot_dataset2 = go.Box(

        name="dataset2",

        y=df_dataset2[feature]

    )

    boxplot_dataset3 = go.Box(

        name="dataset3",

        y=df_dataset3[feature]

    )

    boxplot_dataset4 = go.Box(

        name="dataset4",

        y=df_dataset4[feature]

    )

    boxplot_dataset5 = go.Box(

        name="dataset5",

        y=df_dataset5[feature]

    )

    data = [boxplot_dataset1, boxplot_dataset2, boxplot_dataset3, boxplot_dataset4, boxplot_dataset5]

    iplot(data)



from ipywidgets import interact, fixed

# all we need to do is specify here what function we are interacting with

interact(boxplots,feature=df_dataset1.columns)

interactive(children=(Dropdown(description='feature', options=('feature1', 'feature2', 'feature3', 'feature4',…

<function __main__.boxplots(feature='feature1')>

print(df_dataset1)

    feature1  feature2  feature3  feature4  feature5
0   0.031245 -0.791027 -1.314753 -1.842094 -0.717672
1  -2.522875 -0.782954 -1.002984 -1.272446 -1.436621
2  -0.701606 -1.999226 -0.815809 -2.142206  0.434571
3   2.376825 -1.950196 -2.290762 -0.804918  1.623122
4  -0.367827 -0.412960 -2.024992 -1.924173  0.580357
5  -0.018182 -0.275273 -0.195598 -1.155380 -1.781600
6  -1.655197 -0.833913 -1.603912 -0.695172 -1.231738
7   0.264481 -0.842497 -2.216131  0.027612  0.149581
8   1.142825 -0.619600 -0.878993 -1.346350 -1.259088
9  -0.450535 -1.179396 -1.346532 -0.119750 -0.763911
10 -0.160638 -0.868195  0.184418 -0.551357 -1.629155
11 -1.909840 -1.479886  0.149707 -0.052785 -1.192332
12 -1.063623 -1.287760 -0.643194 -0.188963 -3.025755
13 -1.720643 -2.934656  0.602028  1.114065 -0.479206
14 -1.066729 -0.248610  0.077882 -1.941111 -1.681992
15 -0.486485 -1.971560  0.608686 -0.491749 -1.359299
16 -1.788377 -1.827283 -0.970295 -0.482280 -2.616018
17 -0.826779 -0.453582  0.325358 -0.413172  0.102977
18  0.264800  0.698433 -1.516220 -1.804727  0.633038
19 -0.506034 -0.661758 -0.175494  0.621164 -1.002554
20 -0.680014 -2.765592 -0.361400 -1.454015 -1.175267
21 -2.339898 -2.468202 -1.348823 -1.734746 -1.696205
22 -1.192271  0.931433 -1.010692 -1.454787 -0.995565
23 -0.629244  0.655655 -1.458653 -0.650071 -0.803040
24 -1.269887  0.269326  0.648082 -1.393524 -1.681660
25 -0.171636 -1.350721 -1.282957 -1.442564 -1.612417
26 -1.318453 -1.075367 -1.154176 -1.994904 -2.410226
27 -0.036078 -3.821256 -0.583866 -2.664442 -0.481606
28 -1.096900 -1.358025 -2.356236 -1.728285 -0.620486
29 -0.314271 -0.912851 -0.656881 -1.190880 -3.840816
30 -2.806916 -0.395558  0.232884 -0.924452 -1.280475
31 -0.622222 -1.403296 -0.763067 -0.877060 -0.082615
32 -0.097141 -1.933777 -0.299434 -2.072501 -1.566977
33 -1.037691 -0.700526 -0.064688  0.016929 -1.112843
34 -1.263214 -0.855763 -0.713616 -0.890081  0.527469
35  0.083947 -1.016770 -1.400805 -1.881905 -0.758126
36 -0.751431  0.211314  0.471618 -0.509947 -1.556769
37  0.322390 -2.406188 -1.179214 -1.021179 -1.995697
38 -0.625627 -1.898382 -0.937914 -0.649416 -0.590770
39 -2.159983 -1.045354 -0.192222  0.299991 -2.110466
40 -0.912091 -0.485449 -0.850344 -0.045363 -0.925054
41 -0.979421  0.005186  0.144071  0.037476 -0.443470
42 -0.775423 -1.913933 -0.417926 -1.759012 -1.681332
43 -2.443741 -0.102083 -1.579564 -2.071671 -0.220600
44 -0.207833 -1.232060 -0.968382 -1.148242  0.551896
45  0.104491 -0.291237 -0.679809 -1.007228 -0.921805
46 -0.046842 -2.206321 -0.193255 -1.568543  1.560023
47 -0.337046 -0.074902 -0.781893 -0.480766 -0.217444
48 -3.960099 -1.697837 -1.820612  0.851440 -1.805138
49  1.064460 -1.915026 -1.317084 -1.475405  1.315217

'''

dataset1 = {

    'feature1':np.random.randn(50)-1,

    'feature2':np.random.randn(50)-1,

    'feature3':np.random.randn(50)-1,

    'feature4':np.random.randn(50)-1,

    'feature5':np.random.randn(50)-1,

}

'''

df_apd3= pd.read_csv("/home/anjali/06/datasets/apd3.csv")

# print(type(df_apd3))

df_camp= pd.read_csv("/home/anjali/06/datasets/camp.csv")

df_lamp= pd.read_csv("/home/anjali/06/datasets/lamp.csv")

df_avppred= pd.read_csv("/home/anjali/06/datasets/avppred.csv")

​

​

​

'''def boxplots(feature='feature1'):

​

    comment: Plotting boxplot



    boxplot_dataset1 = go.Box(

        name="dataset1",

        y=df_dataset1[feature]

    )

    boxplot_dataset2 = go.Box(

        name="dataset2",

        y=df_dataset2[feature]

    )

    boxplot_dataset3 = go.Box(

        name="dataset3",

        y=df_dataset3[feature]

    )

    boxplot_dataset4 = go.Box(

        name="dataset4",

        y=df_dataset4[feature]

    )

    boxplot_dataset5 = go.Box(

        name="dataset5",

        y=df_dataset5[feature]

    )

    data = [boxplot_dataset1, boxplot_dataset2, boxplot_dataset3, boxplot_dataset4, boxplot_dataset5]

    iplot(data)



from ipywidgets import interact, fixed

# all we need to do is specify here what function we are interacting with

interact(boxplots,feature=df_dataset1.columns)

'''



def boxplots(feature= "tiny"):



    boxplot_apd3 = go.Box(

    name="dataset_APD3",

    y=df_apd3[feature]

    )



    boxplot_camp = go.Box(

    name="dataset_CAMP",

    y=df_camp[feature]

    )



    boxplot_lamp = go.Box(

    name="dataset_LAMP",

    y=df_lamp[feature]

    )



    boxplot_avppred = go.Box(

    name="dataset_AVPpred",

    y=df_avppred[feature]

    )



    data = [boxplot_apd3, boxplot_camp, boxplot_lamp, boxplot_avppred]

    iplot(data)



from ipywidgets import interact, fixed

# all we need to do is specify here what function we are interacting with

interact(boxplots,feature=df_apd3.columns)



interactive(children=(Dropdown(description='feature', options=('ID', 'seq', 'aindex', 'autocovariance', 'autoc…

<function __main__.boxplots(feature='tiny')>

rs = np.random.RandomState(0)

​

seq_df= pd.read_csv("/home/anjali/06/datasets/features.csv")

df1= pd.DataFrame(seq_df)

cols= [item for item in list(seq_df.keys()) if item not in ("Unnamed: 0", "seq")]

features_df1= df1[cols]

​

df = pd.DataFrame(features_df1)

corr = df.corr()

corr.style.background_gradient(cmap='coolwarm')

# 'RdBu_r' & 'BrBG' are other good diverging colormaps

	aindex 	autocovariance 	autocorrelation 	BLOSUM1 	BLOSUM2 	BLOSUM3 	BLOSUM4 	BLOSUM5 	BLOSUM6 	BLOSUM7 	BLOSUM8 	BLOSUM9 	BLOSUM10 	boman 	charge 	crosscovariance 	PP1 	PP2 	PP3 	F1 	F2 	F3 	F4 	F5 	F6 	hmoment 	hydrophobicity 	instaindex 	KF1 	KF2 	KF3 	KF4 	KF5 	KF6 	KF7 	KF8 	KF9 	KF10 	lengthpep 	MSWHIM1 	MSWHIM2 	MSWHIM3 	mw 	pI 	ProtFP1 	ProtFP2 	ProtFP3 	ProtFP4 	ProtFP5 	ProtFP6 	ProtFP7 	ProtFP8 	ST1 	ST2 	ST3 	ST4 	ST5 	ST6 	ST7 	ST8 	T1 	T2 	T3 	T4 	T5 	VHSE1 	VHSE2 	VHSE3 	VHSE4 	VHSE5 	VHSE6 	VHSE7 	VHSE8 	Z1 	Z2 	Z3 	Z4 	Z5 	column_tiny_number 	column_tiny_percentage 	column_Small_number 	column_Small_percentage 	column_Aliphatic_number 	column_Aliphatic_percentage 	column_Aromatic_number 	column_Aromatic_percentage 	column_NonPolar_number 	column_NonPolar_percentage 	column_Polar_number 	column_Polar_percentage 	column_Charged_number 	column_Charged_percentage 	column_Basic_number 	column_Basic_percentage 	column_Acidic_number 	column_Acidic_percentage
aindex 	1 	0.232839 	0.185461 	-0.555153 	-0.559253 	-0.473347 	-0.0819651 	-0.346935 	0.396608 	0.12982 	0.220829 	-0.0472121 	0.13406 	-0.60742 	-0.0583816 	0.159504 	-0.56983 	0.000881354 	-0.169784 	0.434982 	0.513902 	0.262573 	0.771619 	0.11274 	-0.064864 	0.1358 	0.716042 	-0.291272 	-0.614648 	-0.158705 	0.115198 	-0.338232 	0.00803124 	-0.675397 	-0.0398054 	-0.00305923 	0.0671413 	-0.036994 	-0.171421 	-0.618156 	0.252057 	0.0349945 	-0.178322 	0.131037 	0.528711 	-0.21769 	-0.57427 	0.4014 	-0.506589 	0.271281 	0.286016 	-0.212643 	-0.207583 	-0.53975 	-0.133226 	0.0414393 	-0.43169 	0.340212 	-0.403573 	-0.0380898 	-0.205202 	0.0348539 	-0.107483 	0.722091 	-0.07471 	0.632797 	-0.0937636 	-0.00390819 	-0.64275 	0.076252 	-0.750237 	0.214706 	-0.298959 	-0.683118 	-0.413587 	-0.490947 	-0.267048 	0.485699 	-0.207318 	-0.24561 	-0.197211 	-0.263747 	0.04135 	0.917742 	-0.276706 	-0.363437 	-0.142524 	0.418297 	-0.203687 	-0.410799 	-0.179508 	-0.20816 	-0.202612 	-0.144536 	-0.129033 	-0.122931
autocovariance 	0.232839 	1 	0.965543 	-0.252021 	-0.143217 	-0.0357635 	-0.0474507 	-0.0488832 	-0.0141272 	0.109202 	0.0903262 	0.00112953 	0.0670917 	-0.192303 	-0.0716567 	0.919141 	-0.252145 	0.0464041 	-0.045243 	0.202132 	0.0969833 	0.0533256 	0.144233 	0.102941 	0.0153177 	-0.233397 	0.252181 	0.154441 	-0.118244 	-0.049969 	0.0449043 	-0.223712 	-0.10966 	-0.101172 	0.0469585 	-0.0903832 	0.027813 	0.106612 	-0.0728204 	-0.147793 	0.148345 	0.0162173 	-0.0734617 	0.00563437 	0.247762 	-0.100818 	-0.0500027 	0.0655118 	-0.0989079 	0.0291262 	-0.0471217 	-0.0440991 	-0.0429987 	-0.114376 	0.0421531 	0.0659715 	-0.217687 	0.00100983 	-0.0233669 	-0.0122374 	-0.0415595 	-0.0846924 	-0.0710765 	0.153767 	-0.0164674 	0.255288 	-0.0517697 	-0.000749454 	-0.144273 	0.0485846 	-0.207564 	-0.0451216 	-0.00113275 	-0.248045 	-0.10806 	-0.0519015 	0.0125801 	0.0361649 	-0.0767624 	-0.00977651 	-0.0818737 	-0.0345485 	-0.0154925 	0.228546 	-0.0697979 	-0.0373659 	-0.0533958 	0.256284 	-0.0965146 	-0.256284 	-0.0809002 	-0.128512 	-0.0979565 	-0.0767902 	-0.0507059 	-0.0959671
autocorrelation 	0.185461 	0.965543 	1 	-0.199618 	-0.100681 	-0.0213228 	-0.0743111 	-0.0522144 	-0.0232144 	0.103267 	0.0935304 	-0.00252855 	0.0696148 	-0.152384 	-0.0625111 	0.879867 	-0.20764 	0.0487627 	-0.0361883 	0.156743 	0.0646847 	0.0496343 	0.116993 	0.100035 	0.0102824 	-0.226518 	0.193175 	0.157023 	-0.0818413 	-0.0323004 	0.0279784 	-0.18451 	-0.0940192 	-0.0819913 	0.0395475 	-0.0850713 	-0.0145181 	0.104451 	-0.0717598 	-0.112706 	0.119963 	0.0193885 	-0.0719627 	0.00554492 	0.19423 	-0.0788219 	-0.0194748 	0.044875 	-0.0991249 	0.0316467 	-0.0435188 	-0.0295002 	-0.0252931 	-0.0765546 	0.0419769 	0.0424526 	-0.189999 	-0.00911758 	0.00217937 	0.00657723 	-0.0231152 	-0.0761584 	-0.0747788 	0.113625 	-0.0173099 	0.209169 	-0.0295458 	0.00209964 	-0.0946578 	0.0439322 	-0.180328 	-0.0230786 	0.0172561 	-0.205694 	-0.083455 	-0.0512193 	0.0275175 	0.0250148 	-0.0764755 	-0.0156349 	-0.0821638 	-0.0379771 	-0.0211634 	0.177284 	-0.065442 	-0.0250151 	-0.0543794 	0.217637 	-0.0927332 	-0.217637 	-0.0731688 	-0.0931376 	-0.0868773 	-0.0541733 	-0.047785 	-0.0719077
BLOSUM1 	-0.555153 	-0.252021 	-0.199618 	1 	0.207668 	0.00567791 	-0.0512853 	0.00809337 	-0.0155148 	-0.0503176 	-0.101586 	0.139566 	0.0490601 	0.681681 	0.0329653 	-0.162416 	0.656236 	-0.288107 	0.117035 	-0.81944 	-0.239497 	-0.338602 	-0.149067 	0.0583964 	-0.133054 	0.0950533 	-0.790286 	0.182808 	0.247017 	-0.0371566 	-0.318424 	0.778167 	0.0913098 	0.172394 	-0.146513 	0.0679977 	-0.143354 	-0.162202 	0.197869 	0.230618 	-0.584336 	-0.0184405 	0.202309 	-0.0878366 	-0.96566 	0.180464 	0.0171878 	-0.0767358 	0.0850379 	-0.0349027 	-0.132805 	0.00889058 	-0.0772483 	0.314249 	-0.379454 	-0.112337 	0.540747 	-0.16764 	0.135739 	0.257136 	-0.0652626 	0.302961 	0.253156 	-0.299625 	0.209195 	-0.888923 	0.0795583 	-0.172209 	0.438468 	-0.288403 	0.381076 	0.410736 	0.206871 	0.837595 	0.171577 	0.0172634 	-0.171288 	0.239731 	0.163298 	0.0307034 	0.181203 	0.173532 	0.101117 	-0.46332 	0.115036 	-0.238564 	0.129301 	-0.723411 	0.283674 	0.726059 	0.324096 	0.453918 	0.315832 	0.199688 	0.288943 	0.451579
BLOSUM2 	-0.559253 	-0.143217 	-0.100681 	0.207668 	1 	-0.0202339 	-0.232641 	0.11658 	-0.0801872 	-0.0587993 	-0.00201573 	-0.166803 	-0.102343 	0.466298 	0.0595874 	-0.0926764 	0.563406 	0.545907 	-0.0598814 	-0.222623 	-0.125525 	0.485784 	-0.50183 	-0.164965 	0.130391 	-0.000959285 	-0.653032 	0.243707 	0.296156 	0.669616 	-0.185045 	0.214477 	-0.0145892 	0.242852 	-0.0685976 	0.18384 	-0.22712 	-0.0297231 	-0.0352222 	0.942682 	0.04164 	0.227156 	-0.0147026 	0.0655285 	-0.112866 	0.588957 	0.445366 	-0.335419 	0.0470225 	0.0676115 	-0.138708 	-0.012211 	0.738734 	0.753386 	0.486829 	-0.692802 	0.274557 	0.150856 	0.420515 	0.181368 	0.733872 	0.137997 	-0.157645 	-0.869161 	-0.369443 	-0.224788 	0.649079 	0.497741 	0.646717 	0.193543 	0.510065 	0.0549215 	0.0601049 	0.175798 	0.756501 	-0.0358166 	0.554131 	-0.306137 	-0.075916 	-0.378328 	-0.0705544 	-0.434657 	-0.169459 	-0.614689 	0.20771 	0.824356 	-0.0652449 	-0.343441 	0.00581806 	0.33569 	0.0496027 	0.412727 	0.0840969 	0.374536 	0.0041677 	0.103973
BLOSUM3 	-0.473347 	-0.0357635 	-0.0213228 	0.00567791 	-0.0202339 	1 	0.358723 	0.098359 	-0.118994 	0.0951191 	-0.0164941 	0.00707941 	0.230523 	-0.175365 	-0.148054 	-0.0335608 	-0.243532 	-0.47118 	0.135576 	0.20718 	-0.763369 	-0.685747 	-0.354794 	-0.287336 	-0.315213 	-0.307564 	0.101137 	-0.0444121 	0.625868 	-0.538959 	0.0182487 	-0.391448 	-0.146529 	0.557995 	0.126441 	0.203173 	-0.233331 	0.110574 	0.143582 	0.00586097 	-0.255673 	-0.520378 	0.116957 	-0.256717 	-0.138286 	-0.60718 	0.580068 	-0.51871 	0.480561 	-0.0755865 	-0.0261916 	0.0876198 	-0.457557 	-0.146278 	-0.177591 	0.534547 	0.0325446 	-0.8457 	0.073646 	0.175751 	-0.463647 	-0.623455 	0.349722 	-0.0499907 	0.667217 	0.00208906 	-0.58595 	-0.625562 	0.331524 	-0.294519 	0.0853969 	-0.310767 	-0.109499 	0.253397 	-0.378692 	0.770192 	-0.0704695 	-0.502196 	0.299686 	0.802987 	0.250571 	0.754522 	0.0291764 	-0.383118 	0.152644 	0.0131023 	0.199153 	0.370764 	0.0634011 	-0.37091 	-0.068476 	-0.527135 	-0.0978119 	-0.444592 	-0.0262329 	-0.18645
BLOSUM4 	-0.0819651 	-0.0474507 	-0.0743111 	-0.0512853 	-0.232641 	0.358723 	1 	-0.0359496 	0.00959383 	-0.107925 	-0.00200549 	0.0942318 	0.250125 	-0.19954 	-0.268733 	-0.0479105 	-0.153604 	-0.594134 	-0.138702 	0.232615 	-0.307515 	-0.581927 	-0.141973 	-0.337694 	-0.289102 	-0.178912 	0.304939 	-0.234747 	0.191743 	-0.558797 	0.197941 	-0.255472 	0.0733011 	0.373237 	-0.259591 	0.409573 	0.436836 	0.0472975 	0.13268 	-0.0721677 	-0.186339 	-0.574907 	0.11855 	-0.379998 	0.00124704 	-0.545863 	-0.03158 	-0.375945 	0.542862 	-0.215665 	0.0497913 	-0.429393 	-0.514563 	-0.287509 	-0.23799 	0.447292 	0.244782 	-0.386528 	-0.36651 	-0.112193 	-0.524116 	-0.313968 	0.52947 	0.108535 	0.487353 	0.0129775 	-0.658728 	-0.537917 	-0.177291 	-0.494731 	0.10227 	-0.323357 	-0.235875 	0.225077 	-0.434531 	0.598672 	-0.430305 	-0.229058 	0.204977 	0.516706 	0.183323 	0.529038 	0.0948995 	-0.0636049 	0.166114 	-0.00558079 	0.146078 	0.110044 	0.110108 	-0.106622 	0.0211976 	-0.382792 	-0.0295317 	-0.430446 	0.0751168 	0.0355731
BLOSUM5 	-0.346935 	-0.0488832 	-0.0522144 	0.00809337 	0.11658 	0.098359 	-0.0359496 	1 	-0.175958 	-0.0990271 	0.0695121 	-0.0974714 	-0.243504 	0.48431 	0.363989 	-0.0613256 	0.361436 	0.369816 	0.583449 	-0.0724729 	0.188342 	0.0107692 	-0.533172 	-0.409762 	0.718806 	0.0777459 	-0.29445 	0.23986 	-0.00181117 	0.296778 	0.38989 	0.344796 	-0.334353 	0.447024 	0.469674 	-0.174552 	0.0984938 	0.413027 	-0.122336 	0.0629476 	-0.0450398 	0.568866 	-0.109571 	0.268102 	0.0727167 	0.384824 	0.268313 	0.165514 	0.644325 	0.179232 	-0.167191 	0.156015 	0.276564 	0.479232 	0.267386 	0.173269 	0.0795285 	0.102207 	0.703994 	-0.0280607 	0.249399 	0.487898 	-0.368751 	-0.133961 	-0.132261 	-0.406298 	0.152074 	0.330461 	0.332237 	0.498387 	0.704015 	-0.0773927 	-0.0512584 	0.409835 	0.299451 	-0.0596328 	0.459518 	-0.614008 	-0.086607 	0.154658 	-0.128293 	-0.152518 	-0.193152 	-0.339858 	-0.110745 	0.0211284 	-0.146833 	-0.273134 	-0.0847713 	0.277417 	-0.0425988 	0.347581 	0.080715 	0.535459 	-0.17489 	-0.262084
BLOSUM6 	0.396608 	-0.0141272 	-0.0232144 	-0.0155148 	-0.0801872 	-0.118994 	0.00959383 	-0.175958 	1 	0.121744 	0.216205 	0.19359 	0.191024 	-0.224868 	-0.0305422 	-0.0151465 	-0.127764 	-0.206243 	0.0700289 	0.0325678 	0.238702 	-0.0081618 	0.628283 	-0.58877 	-0.163384 	0.235888 	0.22065 	-0.360552 	-0.412895 	-0.254939 	-0.0147371 	0.125721 	0.025996 	-0.440662 	-0.0370025 	0.632617 	-0.516599 	-0.135041 	-0.00409486 	-0.247098 	-0.276565 	-0.101196 	-0.0176482 	0.0928905 	-0.0667049 	-0.222958 	-0.361161 	0.0934783 	-0.163441 	0.74735 	0.198732 	0.101969 	-0.256741 	-0.166435 	-0.281716 	0.0502278 	-0.0135766 	-0.0731055 	-0.234624 	0.630312 	-0.274362 	0.235426 	0.11538 	0.446736 	0.415923 	0.0873932 	-0.125979 	-0.272159 	-0.00936163 	-0.0895766 	-0.351558 	0.531076 	-0.836354 	-0.0299169 	-0.38629 	-0.411908 	-0.315678 	0.22287 	0.0188084 	0.127807 	-0.0192551 	-0.103446 	0.0984269 	0.415865 	-0.0790289 	-0.229553 	-0.00917251 	-0.029516 	0.00339572 	0.0376965 	-0.00407979 	-0.0481932 	-0.0276614 	-0.0669652 	0.0228939 	0.0247746
BLOSUM7 	0.12982 	0.109202 	0.103267 	-0.0503176 	-0.0587993 	0.0951191 	-0.107925 	-0.0990271 	0.121744 	1 	0.249366 	0.0534035 	-0.0345373 	-0.224197 	0.396992 	0.110755 	-0.516042 	0.0273191 	0.60371 	0.128995 	-0.271621 	-0.0881266 	0.351771 	0.150486 	0.116406 	0.00726751 	0.163262 	-0.0696851 	0.145742 	-0.219018 	0.109334 	-0.14664 	0.231141 	-0.302108 	0.326942 	0.203642 	-0.155454 	0.198761 	-0.120112 	-0.214562 	0.151402 	0.106233 	-0.138809 	0.586408 	-0.0117014 	-0.296613 	0.447825 	0.517887 	-0.227315 	0.299755 	-0.140964 	-0.0168447 	-0.215631 	0.0978375 	0.220257 	0.222657 	-0.711857 	-0.395355 	0.125624 	0.575572 	-0.223113 	-0.218791 	-0.383012 	0.224118 	0.249603 	0.198227 	-0.192237 	-0.271531 	0.27384 	0.472853 	-0.395811 	0.504379 	0.0213053 	-0.171499 	-0.262086 	-0.23602 	0.362405 	0.237886 	-0.0612932 	0.159819 	-0.0869304 	0.0396419 	-0.0876978 	0.222076 	-0.0711136 	0.00159808 	-0.0591167 	0.449003 	-0.198426 	-0.449431 	-0.199871 	-0.18295 	-0.0474129 	0.240736 	-0.343259 	-0.692423
BLOSUM8 	0.220829 	0.0903262 	0.0935304 	-0.101586 	-0.00201573 	-0.0164941 	-0.00200549 	0.0695121 	0.216205 	0.249366 	1 	-0.0528832 	-0.0526614 	-0.0831766 	0.131396 	0.05716 	-0.258187 	0.0811793 	0.0995643 	0.0902397 	0.0997857 	0.0118532 	0.161667 	-0.30944 	0.0674729 	0.171499 	0.137955 	-0.122557 	-0.141886 	-0.0369835 	0.025058 	-0.0240472 	-0.0256018 	-0.0867583 	0.412301 	0.533038 	-0.0324781 	0.273678 	-0.166736 	-0.0679937 	-0.417039 	0.327323 	-0.168057 	0.153989 	0.0859066 	-0.0866392 	0.116229 	-0.062561 	-0.0660947 	0.589419 	-0.0140825 	-0.232873 	-0.0715022 	0.249893 	0.361893 	0.270933 	-0.437896 	0.0125693 	0.138386 	0.499299 	-0.0803701 	0.261523 	-0.424694 	0.261744 	0.119639 	0.0690248 	-0.0499444 	-0.0651789 	0.337945 	0.106454 	-0.119872 	0.488266 	-0.322919 	-0.0119681 	-0.161275 	-0.202579 	0.0859275 	-0.148475 	-0.189169 	-0.115 	-0.203969 	-0.270893 	-0.128718 	0.155585 	-0.173372 	-0.0862548 	-0.137693 	0.294841 	-0.200228 	-0.295102 	-0.0618036 	0.227095 	-0.0205485 	0.223053 	-0.0995464 	0.0302407
BLOSUM9 	-0.0472121 	0.00112953 	-0.00252855 	0.139566 	-0.166803 	0.00707941 	0.0942318 	-0.0974714 	0.19359 	0.0534035 	-0.0528832 	1 	0.139709 	-0.152484 	-0.0969888 	0.030487 	-0.110487 	-0.369448 	0.00788865 	-0.147622 	0.248874 	-0.269342 	0.31917 	-0.113108 	-0.228619 	0.029315 	0.11874 	-0.169581 	-0.442386 	-0.367476 	-0.300897 	0.107741 	0.108575 	-0.230749 	-0.257251 	0.139616 	-0.122235 	-0.13382 	0.135417 	-0.159337 	-0.216385 	-0.230314 	0.123372 	-0.111108 	-0.188943 	-0.240822 	-0.385114 	0.174296 	-0.109845 	0.228323 	-0.359198 	0.440365 	-0.32555 	-0.314851 	-0.239064 	0.143855 	-0.00293311 	-0.312861 	-0.206247 	0.370085 	-0.340175 	-0.113225 	0.261841 	0.155223 	0.392796 	-0.087721 	-0.286545 	-0.326024 	-0.276934 	-0.179868 	-0.159602 	0.0666174 	-0.237073 	0.131654 	-0.304427 	0.0552009 	-0.263981 	0.206329 	0.173167 	0.364471 	0.136172 	0.192751 	0.222252 	0.257675 	0.0980396 	-0.0689256 	0.135453 	-0.00344528 	0.130869 	0.00723181 	0.137358 	-0.0357543 	0.0932171 	-0.135762 	0.16798 	0.155162
BLOSUM10 	0.13406 	0.0670917 	0.0696148 	0.0490601 	-0.102343 	0.230523 	0.250125 	-0.243504 	0.191024 	-0.0345373 	-0.0526614 	0.139709 	1 	-0.199912 	-0.381257 	0.0352677 	-0.102908 	-0.474784 	-0.307331 	-0.00869229 	-0.0989467 	-0.359903 	0.0935055 	-0.210147 	-0.395057 	-0.130709 	0.164091 	-0.0231488 	-0.0894239 	-0.448891 	0.0236918 	-0.15851 	-0.125992 	0.236302 	-0.463264 	0.200152 	-0.336457 	-0.222894 	0.10984 	-0.0581571 	-0.022425 	-0.558846 	0.0961903 	-0.334189 	-0.0394536 	-0.424958 	-0.218818 	-0.291391 	0.141936 	0.11237 	0.0720281 	-0.421044 	-0.360593 	-0.366535 	-0.582724 	0.0524687 	0.347237 	-0.409063 	-0.0968161 	0.119129 	-0.357252 	-0.33505 	0.62725 	0.13488 	0.463406 	0.056279 	-0.399372 	-0.443611 	-0.192133 	-0.478384 	-0.291895 	-0.0160762 	-0.314103 	0.0796384 	-0.390597 	0.188619 	-0.336163 	0.0580015 	0.143105 	0.29481 	0.135444 	0.355169 	0.174332 	0.236236 	0.0474199 	-0.148714 	0.121973 	0.124198 	0.0895669 	-0.123812 	0.019879 	-0.358898 	-0.077795 	-0.48245 	0.126563 	0.158679
boman 	-0.60742 	-0.192303 	-0.152384 	0.681681 	0.466298 	-0.175365 	-0.19954 	0.48431 	-0.224868 	-0.224197 	-0.0831766 	-0.152484 	-0.199912 	1 	0.205721 	-0.144589 	0.876328 	0.339897 	0.214738 	-0.70795 	0.00177796 	0.12689 	-0.552251 	-0.0450704 	0.49276 	0.213886 	-0.893015 	0.498179 	0.238252 	0.518924 	0.115228 	0.822346 	-0.342927 	0.441406 	0.00940333 	-0.165117 	0.0563791 	0.0840597 	0.063349 	0.479467 	-0.287556 	0.489775 	0.0895161 	0.0948076 	-0.536507 	0.683889 	0.153025 	-0.0677565 	0.400954 	-0.114501 	-0.0699628 	0.0489585 	0.492284 	0.708841 	0.0142057 	-0.322498 	0.519962 	0.210306 	0.597309 	-0.00772117 	0.496949 	0.651359 	-0.0817864 	-0.600276 	-0.283832 	-0.865079 	0.541229 	0.433552 	0.521051 	0.121141 	0.805575 	0.154545 	0.368556 	0.745808 	0.660449 	-0.184138 	0.273751 	-0.200275 	-0.0041734 	-0.264244 	0.0184258 	-0.214794 	-0.0615664 	-0.625139 	0.0723558 	0.0760185 	-0.0166681 	-0.800867 	0.169374 	0.80418 	0.258252 	0.724914 	0.307207 	0.562833 	0.168029 	0.333578
charge 	-0.0583816 	-0.0716567 	-0.0625111 	0.0329653 	0.0595874 	-0.148054 	-0.268733 	0.363989 	-0.0305422 	0.396992 	0.131396 	-0.0969888 	-0.381257 	0.205721 	1 	-0.0684851 	0.0260908 	0.3623 	0.626477 	-0.136839 	0.0496621 	0.188038 	-0.0456735 	-0.0269202 	0.549397 	0.307214 	-0.16971 	0.0305367 	0.0378043 	0.249713 	0.289399 	0.269498 	0.151149 	-0.10754 	0.374459 	-0.0467454 	-0.0180678 	0.220293 	-0.145498 	-0.0804648 	0.104008 	0.510279 	-0.128693 	0.766592 	-0.0114181 	0.269831 	0.295873 	0.521198 	0.0401565 	0.187488 	0.0160764 	0.20851 	0.198798 	0.350659 	0.344117 	0.0451843 	-0.359255 	0.123157 	0.390161 	0.176876 	0.188182 	0.29461 	-0.557495 	0.0186899 	-0.193914 	-0.150611 	0.202571 	0.24121 	0.254931 	0.646989 	0.167084 	0.309324 	0.120658 	0.0612972 	0.175543 	-0.376728 	0.489197 	-0.0561711 	-0.200031 	-0.123208 	-0.199525 	-0.235836 	-0.160406 	-0.0593935 	-0.109662 	0.0131614 	-0.153984 	-0.0589623 	-0.128938 	0.0609611 	-0.00672337 	0.27732 	0.31434 	0.586667 	-0.365438 	-0.462464
crosscovariance 	0.159504 	0.919141 	0.879867 	-0.162416 	-0.0926764 	-0.0335608 	-0.0479105 	-0.0613256 	-0.0151465 	0.110755 	0.05716 	0.030487 	0.0352677 	-0.144589 	-0.0684851 	1 	-0.189339 	0.0276819 	-0.0330567 	0.132241 	0.062827 	0.0378332 	0.12766 	0.109288 	-0.0111454 	-0.249112 	0.172144 	0.174963 	-0.0834902 	-0.0398871 	-0.00734069 	-0.160547 	-0.0574908 	-0.10475 	0.036791 	-0.0686357 	0.0155418 	0.0743502 	-0.0588125 	-0.0967793 	0.107874 	0.00667373 	-0.0594731 	-0.00962006 	0.156017 	-0.077375 	-0.0293369 	0.0622877 	-0.11186 	0.0214355 	-0.0601552 	-0.0262705 	-0.0354678 	-0.0797252 	0.0403502 	0.0361716 	-0.175375 	-0.0118134 	-0.0344721 	0.0145258 	-0.0335964 	-0.0761129 	-0.0548707 	0.100026 	-0.00780623 	0.183923 	-0.0351772 	-0.0100075 	-0.0936737 	0.0338124 	-0.17012 	-0.0139418 	0.0135944 	-0.183731 	-0.0766657 	-0.0381772 	0.00727818 	0.0588003 	-0.0613914 	-0.0102937 	-0.0651827 	-0.0260266 	-0.0187565 	0.165127 	-0.0480743 	-0.0164818 	-0.0447391 	0.188273 	-0.0757709 	-0.188273 	-0.0656972 	-0.0942467 	-0.0826584 	-0.0565895 	-0.0376917 	-0.0699434
PP1 	-0.56983 	-0.252145 	-0.20764 	0.656236 	0.563406 	-0.243532 	-0.153604 	0.361436 	-0.127764 	-0.516042 	-0.258187 	-0.110487 	-0.102908 	0.876328 	0.0260908 	-0.189339 	1 	0.270899 	-0.0346517 	-0.675953 	0.0996252 	0.209891 	-0.523705 	-0.132088 	0.269573 	0.136609 	-0.887686 	0.350934 	0.130763 	0.558485 	-0.0672851 	0.78432 	-0.169283 	0.352451 	-0.195973 	-0.134813 	-0.0383522 	-0.0811718 	0.0897304 	0.588783 	-0.258051 	0.30565 	0.118055 	-0.114743 	-0.523185 	0.719689 	-0.0346212 	-0.20796 	0.292137 	-0.128142 	0.00681091 	0.0188334 	0.54472 	0.594395 	-0.0538885 	-0.52363 	0.768871 	0.347163 	0.378546 	-0.141776 	0.547363 	0.595339 	0.0968943 	-0.654595 	-0.342937 	-0.79929 	0.577997 	0.469066 	0.382747 	-0.0530622 	0.777538 	0.0436797 	0.197184 	0.674734 	0.689058 	-0.118596 	0.117496 	-0.161482 	0.0100218 	-0.329108 	0.0340449 	-0.274974 	-0.0330824 	-0.623618 	0.118915 	0.182573 	-0.00873442 	-0.928087 	0.219455 	0.928087 	0.28177 	0.685856 	0.274221 	0.41116 	0.251637 	0.510025
PP2 	0.000881354 	0.0464041 	0.0487627 	-0.288107 	0.545907 	-0.47118 	-0.594134 	0.369816 	-0.206243 	0.0273191 	0.0811793 	-0.369448 	-0.474784 	0.339897 	0.3623 	0.0276819 	0.270899 	1 	0.17278 	0.0497106 	0.385332 	0.888304 	-0.285803 	0.116064 	0.689336 	0.189845 	-0.284531 	0.324643 	-0.0987252 	0.927276 	0.201929 	0.132278 	-0.199458 	-0.0641774 	0.264188 	-0.287831 	0.0688129 	0.155083 	-0.264055 	0.438884 	0.44818 	0.800037 	-0.233706 	0.466623 	0.434391 	0.825519 	0.227003 	0.268206 	-0.12749 	0.0535848 	-0.0184334 	0.110745 	0.92123 	0.629795 	0.710423 	-0.599573 	-0.233978 	0.661605 	0.571687 	-0.147421 	0.914934 	0.451893 	-0.711024 	-0.448621 	-0.840272 	0.0990172 	0.862298 	0.928831 	0.239461 	0.746284 	0.325745 	0.0320555 	0.271639 	-0.297785 	0.797958 	-0.534336 	0.782759 	-0.205791 	-0.349518 	-0.705282 	-0.328937 	-0.806701 	-0.281944 	-0.138687 	-0.104061 	0.537858 	-0.280269 	-0.116445 	-0.233098 	0.116445 	-0.123758 	0.511538 	-0.00882514 	0.684347 	-0.235604 	-0.220925
PP3 	-0.169784 	-0.045243 	-0.0361883 	0.117035 	-0.0598814 	0.135576 	-0.138702 	0.583449 	0.0700289 	0.60371 	0.0995643 	0.00788865 	-0.307331 	0.214738 	0.626477 	-0.0330567 	-0.0346517 	0.17278 	1 	-0.130689 	-0.115914 	-0.12782 	-0.0492172 	-0.227768 	0.610107 	0.125829 	-0.153255 	0.0111273 	0.140169 	-0.00901642 	0.406023 	0.315857 	0.0912184 	0.00182935 	0.462887 	0.0307563 	-0.181471 	0.417574 	-0.150118 	-0.271608 	-0.0435987 	0.447445 	-0.15864 	0.677642 	-0.144275 	0.0510069 	0.454616 	0.611803 	0.264787 	0.334881 	-0.0367581 	0.270092 	-0.0462962 	0.315668 	0.19324 	0.312037 	-0.388599 	-0.211237 	0.542588 	0.38824 	-0.0711435 	0.230828 	-0.525079 	0.153266 	0.135118 	-0.281619 	-0.0646407 	-0.029198 	0.383087 	0.707131 	0.214684 	0.407107 	-0.0041345 	0.282041 	-0.0533476 	-0.283725 	0.519874 	-0.190089 	-0.073316 	0.277419 	-0.120314 	0.00783463 	-0.182146 	-0.1042 	-0.154771 	-0.131953 	-0.139321 	-0.0382505 	-0.159516 	0.0382505 	-0.135055 	0.204403 	0.079446 	0.633604 	-0.356931 	-0.661676
F1 	0.434982 	0.202132 	0.156743 	-0.81944 	-0.222623 	0.20718 	0.232615 	-0.0724729 	0.0325678 	0.128995 	0.0902397 	-0.147622 	-0.00869229 	-0.70795 	-0.136839 	0.132241 	-0.675953 	0.0497106 	-0.130689 	1 	0.0114232 	0.0799702 	0.152368 	-0.0205583 	-0.160379 	-0.182772 	0.744044 	-0.194604 	-0.0915793 	-0.182938 	0.0830698 	-0.831551 	-0.0877831 	-0.0768999 	0.203213 	0.0236766 	0.21225 	-0.0042894 	-0.128513 	-0.20508 	0.438027 	-0.189006 	-0.141649 	-0.033087 	0.745684 	-0.394263 	0.0801599 	-0.0696471 	-0.0618232 	-0.00666917 	-0.0516474 	-0.0921028 	-0.135553 	-0.353817 	0.238584 	0.198095 	-0.449445 	-0.0491851 	-0.245849 	-0.155984 	-0.15218 	-0.44328 	-0.100689 	0.318482 	0.0305513 	0.824138 	-0.268661 	-0.100161 	-0.298996 	0.0768623 	-0.403616 	-0.378987 	-0.243046 	-0.696423 	-0.303643 	0.214678 	0.0240024 	-0.160653 	-0.053311 	0.212283 	-0.0970452 	-0.0411669 	-0.0751732 	0.348283 	-0.0578651 	0.166445 	-0.05634 	0.719552 	-0.221602 	-0.720836 	-0.306802 	-0.59594 	-0.324617 	-0.369269 	-0.244807 	-0.422685
F2 	0.513902 	0.0969833 	0.0646847 	-0.239497 	-0.125525 	-0.763369 	-0.307515 	0.188342 	0.238702 	-0.271621 	0.0997857 	0.248874 	-0.0989467 	0.00177796 	0.0496621 	0.062827 	0.0996252 	0.385332 	-0.115914 	0.0114232 	1 	0.539427 	0.339297 	-0.0350471 	0.294309 	0.268625 	0.136383 	-0.0527634 	-0.930265 	0.37126 	-0.0821441 	0.230985 	-0.0895059 	-0.45957 	-0.0375685 	-0.162224 	0.152596 	0.00567526 	-0.166371 	-0.156602 	0.121206 	0.474278 	-0.146993 	0.133804 	0.366899 	0.457032 	-0.723776 	0.438229 	-0.305091 	0.326205 	-0.200825 	0.0911061 	0.326072 	-0.0587909 	0.0909408 	-0.331273 	-0.0331431 	0.711741 	0.0716453 	-0.096869 	0.312155 	0.562186 	-0.277587 	0.247103 	-0.452517 	0.113194 	0.388123 	0.525174 	-0.468024 	0.259289 	-0.0561852 	0.175508 	-0.223981 	-0.265986 	0.200452 	-0.620628 	0.0611579 	0.260127 	-0.265954 	-0.488386 	-0.25691 	-0.640885 	-0.00047388 	0.541607 	-0.215826 	-0.071037 	-0.206027 	-0.204369 	-0.106698 	0.20707 	0.0236175 	0.441841 	0.0212354 	0.344542 	0.0230495 	0.200951
F3 	0.262573 	0.0533256 	0.0496343 	-0.338602 	0.485784 	-0.685747 	-0.581927 	0.0107692 	-0.0081618 	-0.0881266 	0.0118532 	-0.269342 	-0.359903 	0.12689 	0.188038 	0.0378332 	0.209891 	0.888304 	-0.12782 	0.0799702 	0.539427 	1 	0.00911426 	0.172397 	0.421268 	0.205209 	-0.141159 	0.151385 	-0.314351 	0.876549 	0.0283107 	0.0640877 	-0.0471932 	-0.355368 	0.00799118 	-0.205374 	0.0302092 	-0.0694998 	-0.235717 	0.3937 	0.47534 	0.614749 	-0.206569 	0.333048 	0.468388 	0.770522 	-0.0995839 	0.255952 	-0.421535 	0.0694207 	0.0959938 	0.0611156 	0.865377 	0.396586 	0.571095 	-0.765583 	-0.16141 	0.797841 	0.213967 	-0.183057 	0.865197 	0.393163 	-0.534645 	-0.333812 	-0.860036 	0.271768 	0.877068 	0.897171 	-0.0282697 	0.549184 	0.0493889 	0.0722222 	0.133261 	-0.500525 	0.708541 	-0.628056 	0.530129 	0.0920786 	-0.353759 	-0.856096 	-0.316968 	-0.875613 	-0.190862 	0.116229 	-0.0901838 	0.513353 	-0.257644 	-0.114088 	-0.198275 	0.107761 	-0.0977054 	0.433942 	-0.0452447 	0.489059 	-0.143081 	-0.0420658
F4 	0.771619 	0.144233 	0.116993 	-0.149067 	-0.50183 	-0.354794 	-0.141973 	-0.533172 	0.628283 	0.351771 	0.161667 	0.31917 	0.0935055 	-0.552251 	-0.0456735 	0.12766 	-0.523705 	-0.285803 	-0.0492172 	0.152368 	0.339297 	0.00911426 	1 	0.119749 	-0.335646 	0.131312 	0.518695 	-0.393039 	-0.558891 	-0.391071 	-0.241208 	-0.125487 	0.211333 	-0.870468 	-0.0345949 	0.185434 	-0.205092 	-0.0893105 	-0.0278162 	-0.603709 	-0.0568279 	-0.13726 	-0.046057 	0.131402 	0.0452609 	-0.3796 	-0.54052 	0.43745 	-0.679334 	0.44458 	0.07 	0.0817124 	-0.440125 	-0.51799 	-0.288284 	0.104526 	-0.411607 	0.0174703 	-0.548143 	0.397443 	-0.438684 	-0.0215702 	0.0166518 	0.721846 	0.26942 	0.391154 	-0.219932 	-0.323325 	-0.428103 	-0.071914 	-0.827 	0.509256 	-0.39524 	-0.426224 	-0.562511 	-0.46309 	-0.420635 	0.726915 	-0.0358693 	-0.0236314 	-0.0425459 	-0.0738583 	0.164082 	0.825416 	-0.162031 	-0.452026 	-0.00506904 	0.283141 	-0.0570849 	-0.277697 	-0.0460457 	-0.191944 	-0.0790942 	-0.182262 	-0.00271743 	-0.0355152
F5 	0.11274 	0.102941 	0.100035 	0.0583964 	-0.164965 	-0.287336 	-0.337694 	-0.409762 	-0.58877 	0.150486 	-0.30944 	-0.113108 	-0.210147 	-0.0450704 	-0.0269202 	0.109288 	-0.132088 	0.116064 	-0.227768 	-0.0205583 	-0.0350471 	0.172397 	0.119749 	1 	-0.141709 	-0.121386 	-0.0174109 	0.246418 	0.0943331 	0.139649 	-0.314359 	-0.145837 	0.12974 	-0.267287 	-0.0826372 	-0.695532 	0.355674 	-0.131632 	0.0228545 	-0.0637253 	0.391941 	0.0132516 	0.0293841 	0.0198007 	-0.0180903 	0.107023 	-0.0346272 	0.250914 	-0.537478 	-0.626972 	-0.219026 	-0.0275301 	0.0960073 	-0.131285 	0.0307206 	-0.234356 	-0.214018 	0.210231 	-0.172381 	-0.433642 	0.130373 	-0.237246 	-0.10835 	-0.0969962 	-0.40926 	0.164283 	0.186412 	0.173587 	-0.270398 	0.0142777 	-0.279447 	-0.154859 	0.798047 	-0.329185 	0.187178 	-0.00915573 	0.0370758 	0.546467 	-0.0465824 	-0.363591 	0.0127402 	-0.0493013 	0.0397341 	0.0942897 	-0.00102532 	-0.0610037 	0.0279514 	0.0896072 	0.0150266 	-0.0947735 	0.0207482 	-0.0522637 	0.00252847 	-0.068641 	0.0383139 	0.0205419
F6 	-0.064864 	0.0153177 	0.0102824 	-0.133054 	0.130391 	-0.315213 	-0.289102 	0.718806 	-0.163384 	0.116406 	0.0674729 	-0.228619 	-0.395057 	0.49276 	0.549397 	-0.0111454 	0.269573 	0.689336 	0.610107 	-0.160379 	0.294309 	0.421268 	-0.335646 	-0.141709 	1 	0.277763 	-0.236032 	0.307644 	-0.0498022 	0.565343 	0.69345 	0.393644 	-0.261251 	0.169691 	0.355391 	-0.254149 	0.131651 	0.366276 	-0.214627 	0.0219817 	0.277312 	0.809098 	-0.193585 	0.583059 	0.248746 	0.600714 	0.21544 	0.487319 	0.368246 	0.0958479 	0.140303 	0.158314 	0.528202 	0.510383 	0.420471 	-0.063584 	-0.201661 	0.395079 	0.69126 	-0.096804 	0.51587 	0.606707 	-0.619453 	-0.152401 	-0.49021 	-0.2358 	0.454247 	0.624259 	0.177895 	0.788291 	0.489052 	0.0694069 	0.219412 	0.102616 	0.446891 	-0.518392 	0.624568 	-0.384113 	-0.245839 	-0.284088 	-0.246973 	-0.440151 	-0.234227 	-0.139428 	-0.170715 	0.100755 	-0.23836 	-0.234668 	-0.175087 	0.235144 	-0.0881992 	0.481465 	0.088917 	0.760057 	-0.274874 	-0.394089
hmoment 	0.1358 	-0.233397 	-0.226518 	0.0950533 	-0.000959285 	-0.307564 	-0.178912 	0.0777459 	0.235888 	0.00726751 	0.171499 	0.029315 	-0.130709 	0.213886 	0.307214 	-0.249112 	0.136609 	0.189845 	0.125829 	-0.182772 	0.268625 	0.205209 	0.131312 	-0.121386 	0.277763 	1 	-0.110054 	0.00463267 	-0.232928 	0.179016 	0.166641 	0.333075 	-0.0983902 	-0.132454 	0.0441669 	0.110602 	-0.0216393 	-0.0729972 	0.246456 	-0.0591131 	-0.0935457 	0.326568 	0.260123 	0.309052 	-0.0492679 	0.242322 	-0.185922 	0.224827 	-0.0370287 	0.235741 	0.133668 	0.0881885 	0.141852 	0.112751 	-0.00114685 	-0.0940601 	-0.0348914 	0.242154 	0.143087 	0.151735 	0.139715 	0.410711 	-0.178072 	0.0768391 	-0.122817 	-0.161754 	0.22804 	0.196488 	0.0110574 	0.182017 	0.0462756 	0.298675 	-0.0721082 	0.0808714 	0.102758 	-0.421456 	0.0468242 	0.0955031 	0.159742 	-0.222055 	0.177861 	-0.274616 	0.291012 	0.121829 	0.169159 	-0.116505 	0.2173 	-0.202654 	0.278042 	0.213744 	0.360417 	0.319016 	0.425433 	0.300519 	0.238203 	0.0628525
hydrophobicity 	0.716042 	0.252181 	0.193175 	-0.790286 	-0.653032 	0.101137 	0.304939 	-0.29445 	0.22065 	0.163262 	0.137955 	0.11874 	0.164091 	-0.893015 	-0.16971 	0.172144 	-0.887686 	-0.284531 	-0.153255 	0.744044 	0.136383 	-0.141159 	0.518695 	-0.0174109 	-0.236032 	-0.110054 	1 	-0.383453 	-0.331957 	-0.522828 	0.178161 	-0.776668 	0.0572543 	-0.327263 	0.0142053 	0.0880198 	0.139977 	0.0391152 	-0.0786686 	-0.638276 	0.309382 	-0.35029 	-0.101209 	-0.0616728 	0.680008 	-0.655144 	-0.27105 	0.127494 	-0.169339 	0.0783941 	0.119135 	-0.0762395 	-0.504747 	-0.728953 	-0.0738594 	0.468856 	-0.535084 	-0.141331 	-0.487545 	-0.0898245 	-0.510624 	-0.466641 	0.0644774 	0.708294 	0.260249 	0.834228 	-0.565536 	-0.368022 	-0.651363 	-0.0779537 	-0.705264 	-0.242983 	-0.339397 	-0.707594 	-0.687595 	0.106467 	-0.306776 	0.0969343 	-0.0150301 	0.28878 	-0.0379091 	0.215707 	0.072822 	0.718284 	-0.131297 	-0.219348 	-0.00308594 	0.788837 	-0.177826 	-0.787821 	-0.251095 	-0.678699 	-0.292961 	-0.509735 	-0.169794 	-0.339668
instaindex 	-0.291272 	0.154441 	0.157023 	0.182808 	0.243707 	-0.0444121 	-0.234747 	0.23986 	-0.360552 	-0.0696851 	-0.122557 	-0.169581 	-0.0231488 	0.498179 	0.0305367 	0.174963 	0.350934 	0.324643 	0.0111273 	-0.194604 	-0.0527634 	0.151385 	-0.393039 	0.246418 	0.307644 	0.00463267 	-0.383453 	1 	0.218767 	0.347636 	0.119384 	0.206917 	-0.433383 	0.359015 	-0.0358054 	-0.393106 	0.0761337 	-0.00554775 	0.0812606 	0.277772 	0.156045 	0.266376 	0.0971747 	-0.0143811 	-0.0755223 	0.370975 	0.1733 	-0.0706151 	0.200279 	-0.283237 	-0.11436 	-0.0345684 	0.361329 	0.35943 	0.0354643 	-0.228647 	0.186047 	0.0850285 	0.431095 	-0.172233 	0.374532 	0.188492 	-0.0637039 	-0.423015 	-0.278336 	-0.276097 	0.347488 	0.32866 	0.209143 	0.0974206 	0.354466 	-0.164251 	0.443614 	0.199792 	0.441488 	-0.0187103 	0.244843 	-0.137118 	0.0443736 	-0.172897 	0.0611696 	-0.124685 	0.0112216 	-0.321546 	0.0917559 	0.107828 	0.0576031 	-0.23843 	0.110647 	0.241158 	0.130287 	0.217229 	0.132862 	0.176824 	0.109551 	0.0869856
KF1 	-0.614648 	-0.118244 	-0.0818413 	0.247017 	0.296156 	0.625868 	0.191743 	-0.00181117 	-0.412895 	0.145742 	-0.141886 	-0.442386 	-0.0894239 	0.238252 	0.0378043 	-0.0834902 	0.130763 	-0.0987252 	0.140169 	-0.0915793 	-0.930265 	-0.314351 	-0.558891 	0.0943331 	-0.0498022 	-0.232928 	-0.331957 	0.218767 	1 	-0.0510126 	0.173474 	-0.104663 	-0.0112101 	0.555032 	0.093094 	-0.0128217 	-0.044317 	0.0833477 	0.12117 	0.329823 	-0.0323642 	-0.22354 	0.115101 	-0.0722223 	-0.3182 	-0.139485 	0.80178 	-0.436511 	0.380896 	-0.446505 	0.231352 	-0.101535 	-0.0220072 	0.312332 	0.0923874 	0.155483 	0.107504 	-0.46969 	0.112291 	-0.0825224 	-0.00567643 	-0.359675 	0.113702 	-0.465091 	0.152858 	-0.218909 	-0.103499 	-0.206574 	0.56701 	-0.100791 	0.309341 	-0.256923 	0.405144 	0.302785 	0.115486 	0.537202 	0.129321 	-0.383543 	0.185563 	0.263016 	0.191355 	0.440562 	-0.0830815 	-0.717774 	0.208396 	0.201913 	0.141186 	0.0338988 	0.0894985 	-0.0381849 	-0.00969257 	-0.229082 	0.017816 	-0.134562 	-0.0391778 	-0.17422
